{
 "cells": [
  {
   "cell_type": "code",
   "execution_count": 1,
   "metadata": {},
   "outputs": [
    {
     "name": "stdout",
     "output_type": "stream",
     "text": [
      "(784, 100)\n",
      "(100,)\n",
      "(100, 10)\n",
      "(10,)\n"
     ]
    }
   ],
   "source": [
    "import sys\n",
    "import os\n",
    "sys.path.append(os.pardir)\n",
    "\n",
    "from two_layer_net import TwoLayerNet\n",
    "\n",
    "net = TwoLayerNet(input_size=784, hidden_size=100, output_size=10)\n",
    "print(net.params[\"W1\"].shape)\n",
    "print(net.params[\"b1\"].shape)\n",
    "print(net.params[\"W2\"].shape)\n",
    "print(net.params[\"b2\"].shape)"
   ]
  },
  {
   "cell_type": "code",
   "execution_count": 3,
   "metadata": {},
   "outputs": [
    {
     "name": "stdout",
     "output_type": "stream",
     "text": [
      "[[0.09227549 0.10485477 0.09859253 0.10207616 0.09848988 0.09904032\n",
      "  0.09853083 0.10691958 0.09720669 0.10201375]\n",
      " [0.0922896  0.10491277 0.09847709 0.10202681 0.09852783 0.09913639\n",
      "  0.0982294  0.10712711 0.09734929 0.1019237 ]\n",
      " [0.09248943 0.10511129 0.09848713 0.10203988 0.0985508  0.09906332\n",
      "  0.09820287 0.10708625 0.09732291 0.10164612]\n",
      " [0.09243265 0.10510141 0.09828181 0.10203412 0.09881285 0.09914439\n",
      "  0.09842128 0.10636996 0.09756273 0.10183881]\n",
      " [0.09211616 0.10481692 0.09868459 0.1021919  0.09844752 0.09906873\n",
      "  0.0980982  0.10682829 0.09777687 0.10197081]\n",
      " [0.09220501 0.10511526 0.09863902 0.10216111 0.09841923 0.09893909\n",
      "  0.09838715 0.10717981 0.09719853 0.10175581]\n",
      " [0.09216456 0.10524444 0.09824635 0.10224466 0.09851565 0.09904476\n",
      "  0.09883295 0.10673777 0.0972333  0.10173557]\n",
      " [0.09205251 0.10513656 0.098683   0.10208029 0.09846708 0.09932726\n",
      "  0.09824734 0.10672726 0.09770155 0.10157715]\n",
      " [0.09214969 0.10475187 0.09851925 0.1022021  0.0989769  0.09903736\n",
      "  0.09846572 0.10674504 0.09744303 0.10170904]\n",
      " [0.09244779 0.10498275 0.09816315 0.10186398 0.09887852 0.09912047\n",
      "  0.09837122 0.10699549 0.09727657 0.10190006]\n",
      " [0.09207835 0.10510744 0.09820903 0.1021032  0.09895653 0.09945465\n",
      "  0.09853011 0.10665874 0.09707197 0.10182999]\n",
      " [0.09183112 0.10487653 0.09849115 0.10236736 0.09846359 0.09949728\n",
      "  0.09863064 0.10669945 0.09740035 0.10174253]\n",
      " [0.09193778 0.10517521 0.09850719 0.10243161 0.09847689 0.09927053\n",
      "  0.09822508 0.10694901 0.09722991 0.10179679]\n",
      " [0.09217512 0.10474501 0.09830311 0.10199133 0.09863787 0.09927291\n",
      "  0.09875198 0.10739195 0.09717818 0.10155254]\n",
      " [0.09273536 0.10513596 0.09839861 0.10196544 0.098166   0.09930972\n",
      "  0.09843268 0.10678953 0.09725892 0.10180778]\n",
      " [0.09229459 0.1050696  0.09826037 0.10192153 0.0982256  0.09891777\n",
      "  0.09859017 0.1073878  0.09744666 0.1018859 ]\n",
      " [0.09225987 0.10512433 0.09828501 0.10222089 0.09842452 0.09880564\n",
      "  0.09858313 0.10712803 0.09744593 0.10172265]\n",
      " [0.09203742 0.10517961 0.09825377 0.1019119  0.09834708 0.09921692\n",
      "  0.09857871 0.10709868 0.09764881 0.10172711]\n",
      " [0.09235567 0.10521348 0.09847897 0.10206314 0.09837541 0.09910783\n",
      "  0.09841007 0.10668809 0.09757057 0.10173678]\n",
      " [0.09253578 0.10509281 0.09842114 0.10181659 0.09809652 0.09923068\n",
      "  0.0986463  0.10647125 0.09767947 0.10200947]\n",
      " [0.09239753 0.10495242 0.09856321 0.10210412 0.0988707  0.09899737\n",
      "  0.09834332 0.10658061 0.09735909 0.10183163]\n",
      " [0.09249341 0.10482653 0.09849722 0.10238096 0.09826887 0.09935148\n",
      "  0.09837115 0.1066534  0.09728573 0.10187125]\n",
      " [0.09206597 0.1048857  0.09863796 0.10226469 0.09845146 0.09903386\n",
      "  0.09861185 0.10699906 0.0972951  0.10175434]\n",
      " [0.09235217 0.10456779 0.09842834 0.10213509 0.09853311 0.09946483\n",
      "  0.09852967 0.10684188 0.09743563 0.10171147]\n",
      " [0.09228268 0.10479883 0.09861337 0.10202659 0.0986163  0.09943119\n",
      "  0.09850403 0.1065505  0.09735746 0.10181905]\n",
      " [0.09199633 0.10530565 0.09848226 0.10207426 0.09854261 0.09901811\n",
      "  0.09863125 0.10673119 0.09727519 0.10194316]\n",
      " [0.09242459 0.10494011 0.09833902 0.1021304  0.09866954 0.09951131\n",
      "  0.09828649 0.10669453 0.09740224 0.10160179]\n",
      " [0.09230052 0.10542452 0.09843687 0.10216991 0.09860981 0.09894166\n",
      "  0.09825967 0.10686095 0.09727931 0.10171678]\n",
      " [0.09255581 0.10512368 0.09841721 0.10213354 0.09849186 0.09926705\n",
      "  0.0983856  0.10695069 0.09726975 0.10140483]\n",
      " [0.0921856  0.10508511 0.09832853 0.10207187 0.09816924 0.09927157\n",
      "  0.09862949 0.107263   0.09735286 0.10164273]\n",
      " [0.09260518 0.1049871  0.09865591 0.10196416 0.09880647 0.09943895\n",
      "  0.09812572 0.10634511 0.09730721 0.10176419]\n",
      " [0.09211294 0.10532214 0.09855531 0.10228078 0.0982107  0.0988275\n",
      "  0.09869027 0.10686126 0.09742615 0.10171294]\n",
      " [0.09204614 0.10478786 0.09829166 0.10166986 0.09848223 0.09946345\n",
      "  0.09860062 0.10692713 0.09769052 0.10204053]\n",
      " [0.09245241 0.10455887 0.09847267 0.10197871 0.09846169 0.09915174\n",
      "  0.09853143 0.10676748 0.09752611 0.10209889]\n",
      " [0.09213742 0.10523182 0.0984605  0.10193442 0.09863565 0.09938647\n",
      "  0.09848616 0.10673787 0.09725727 0.10173241]\n",
      " [0.09228095 0.10508895 0.09841035 0.10191803 0.09839816 0.09934074\n",
      "  0.09844565 0.10743347 0.09715241 0.10153129]\n",
      " [0.09218687 0.10458439 0.09872581 0.10156788 0.09868129 0.09915945\n",
      "  0.09878795 0.1071651  0.09767208 0.10146918]\n",
      " [0.09217899 0.10480688 0.0983606  0.1018979  0.09917815 0.0989666\n",
      "  0.09884284 0.1066375  0.09752938 0.10160117]\n",
      " [0.09237111 0.10493674 0.09834429 0.101723   0.09831316 0.0990158\n",
      "  0.09844028 0.10745015 0.09746481 0.10194066]\n",
      " [0.0926233  0.1051137  0.09842324 0.1017221  0.09842813 0.09931757\n",
      "  0.09831276 0.10683832 0.09725384 0.10196704]\n",
      " [0.09217415 0.10496306 0.09859707 0.10208847 0.09895338 0.09919804\n",
      "  0.09836121 0.10705167 0.09723287 0.10138008]\n",
      " [0.09200831 0.10507646 0.09850263 0.10187683 0.09854826 0.09885744\n",
      "  0.09896243 0.10690062 0.09748194 0.10178509]\n",
      " [0.0921924  0.10505942 0.09834536 0.10191272 0.09840431 0.09935846\n",
      "  0.09836608 0.10682708 0.09740926 0.10212491]\n",
      " [0.09243073 0.10470203 0.09868376 0.10219338 0.09875978 0.0991711\n",
      "  0.09851684 0.10666251 0.09742507 0.1014548 ]\n",
      " [0.09201942 0.10500713 0.09827783 0.10236675 0.09838188 0.09878676\n",
      "  0.09846486 0.10739916 0.09767231 0.1016239 ]\n",
      " [0.0920768  0.10509873 0.09823956 0.1022009  0.09836032 0.0993786\n",
      "  0.09839109 0.1070319  0.09736206 0.10186003]\n",
      " [0.09218919 0.1053635  0.09828574 0.10183285 0.09854876 0.09879594\n",
      "  0.09835081 0.10701629 0.09728077 0.10233616]\n",
      " [0.09247618 0.10487756 0.09844715 0.1020632  0.09839806 0.09928454\n",
      "  0.09835284 0.10691046 0.09748408 0.10170593]\n",
      " [0.09250283 0.10470257 0.09857304 0.10172136 0.09851982 0.09946245\n",
      "  0.09879516 0.1066918  0.0975398  0.10149117]\n",
      " [0.09226912 0.10473697 0.09863662 0.10180612 0.09861285 0.09956662\n",
      "  0.09847018 0.10648769 0.09761011 0.10180372]\n",
      " [0.09242735 0.10507162 0.09837634 0.10184267 0.09857635 0.09917721\n",
      "  0.0985186  0.10692866 0.09762181 0.10145942]\n",
      " [0.09217063 0.10524852 0.09866612 0.10203192 0.09835231 0.09879802\n",
      "  0.09836721 0.10700889 0.0973792  0.10197718]\n",
      " [0.09221691 0.10466335 0.09847452 0.10204661 0.09852451 0.09900085\n",
      "  0.09866612 0.10689824 0.09785005 0.10165883]\n",
      " [0.09236349 0.1049772  0.09814313 0.102083   0.09867468 0.09939568\n",
      "  0.09865529 0.1067637  0.09718464 0.10175919]\n",
      " [0.09237857 0.10517076 0.0986595  0.10214985 0.09855941 0.09915296\n",
      "  0.09829416 0.10676083 0.09703451 0.10183945]\n",
      " [0.09263146 0.1052787  0.09870877 0.10193376 0.09834692 0.09960426\n",
      "  0.09811325 0.10644703 0.09708328 0.10185258]\n",
      " [0.09225635 0.10500152 0.09841111 0.10207983 0.09873056 0.09918438\n",
      "  0.09837409 0.10698637 0.09717674 0.10179905]\n",
      " [0.09226849 0.10513664 0.09851783 0.1020786  0.0982744  0.09912689\n",
      "  0.09849808 0.10671613 0.09744203 0.10194092]\n",
      " [0.09233045 0.10496758 0.09823318 0.10211393 0.09881067 0.09905742\n",
      "  0.09862065 0.10666747 0.09741906 0.10177961]\n",
      " [0.09207459 0.10513822 0.09815715 0.10231782 0.0984683  0.09918693\n",
      "  0.0988094  0.10679615 0.09726036 0.10179108]\n",
      " [0.09263397 0.10507119 0.09825369 0.10176347 0.09847712 0.09909452\n",
      "  0.09838558 0.10674198 0.09748475 0.10209373]\n",
      " [0.09231372 0.10495375 0.09852284 0.10191589 0.09857583 0.09893239\n",
      "  0.09854985 0.10685529 0.097498   0.10188246]\n",
      " [0.09234656 0.10492819 0.09851229 0.10216055 0.09874756 0.09945499\n",
      "  0.09837794 0.10662804 0.09711316 0.10173074]\n",
      " [0.09218559 0.10474884 0.09838124 0.10225255 0.09852684 0.09952323\n",
      "  0.09863702 0.10715599 0.09732593 0.10126277]\n",
      " [0.09229158 0.10523703 0.09809476 0.10216393 0.09813683 0.0991812\n",
      "  0.09857164 0.10702203 0.0974554  0.10184559]\n",
      " [0.09214024 0.10513654 0.0988844  0.10191526 0.09848089 0.09894102\n",
      "  0.09860756 0.10683548 0.09781793 0.10124069]\n",
      " [0.09219181 0.10482829 0.09868686 0.10205759 0.09854028 0.09941478\n",
      "  0.09821429 0.10683068 0.09736248 0.10187295]\n",
      " [0.09248823 0.10496715 0.09841944 0.10189533 0.09851702 0.09912711\n",
      "  0.09825602 0.10728627 0.09731157 0.10173185]\n",
      " [0.0925561  0.10502112 0.09809255 0.10193343 0.09860632 0.09947092\n",
      "  0.09863605 0.10664432 0.09740195 0.10163724]\n",
      " [0.09195887 0.10529135 0.09872077 0.10206818 0.09859523 0.09876237\n",
      "  0.09825773 0.10690766 0.0975516  0.10188624]\n",
      " [0.09235952 0.10516821 0.09870411 0.10189966 0.09834384 0.09928519\n",
      "  0.09815702 0.10665091 0.09741121 0.10202032]\n",
      " [0.09232978 0.10519805 0.09817381 0.10210436 0.09853068 0.09879302\n",
      "  0.09837635 0.10691209 0.0974188  0.10216306]\n",
      " [0.09256592 0.10552574 0.09818202 0.1020195  0.09815589 0.09902645\n",
      "  0.09848905 0.10722164 0.09726447 0.10154932]\n",
      " [0.09207742 0.10535318 0.09843883 0.10222851 0.09852603 0.09912931\n",
      "  0.09850192 0.10696039 0.0970948  0.10168961]\n",
      " [0.0923878  0.10524368 0.09864305 0.10171367 0.09836107 0.09941648\n",
      "  0.09854717 0.10673789 0.09741014 0.10153906]\n",
      " [0.09207609 0.10486148 0.09847307 0.10243249 0.09846467 0.09905461\n",
      "  0.09872237 0.10650792 0.09741665 0.10199065]\n",
      " [0.09239313 0.10492039 0.09873765 0.10177833 0.09862917 0.09919553\n",
      "  0.09868204 0.10663224 0.09776227 0.10126925]\n",
      " [0.09233069 0.10480073 0.09870485 0.10209444 0.09836663 0.09928096\n",
      "  0.09851475 0.10657619 0.09754771 0.10178304]\n",
      " [0.0925303  0.10521025 0.09829362 0.10196102 0.09856385 0.09931279\n",
      "  0.0984797  0.10664933 0.09731992 0.10167923]\n",
      " [0.09213294 0.10503162 0.09846354 0.10219536 0.098946   0.09903435\n",
      "  0.09839153 0.10678034 0.09717858 0.10184575]\n",
      " [0.09236628 0.10505709 0.09866265 0.1019763  0.09880299 0.09950133\n",
      "  0.09852507 0.10651163 0.09700632 0.10159035]\n",
      " [0.0922226  0.10498554 0.09843525 0.10207373 0.09858877 0.09907351\n",
      "  0.09843766 0.10710828 0.09731898 0.10175571]\n",
      " [0.09232776 0.10497104 0.09842914 0.10183138 0.09851116 0.09934757\n",
      "  0.09859806 0.10671292 0.09745808 0.10181289]\n",
      " [0.09253068 0.10487694 0.09849141 0.1019005  0.09871018 0.09930099\n",
      "  0.09835439 0.1068043  0.09731043 0.10172017]\n",
      " [0.09236705 0.10495547 0.0985253  0.10181225 0.09859785 0.0992527\n",
      "  0.09863606 0.10677148 0.09775533 0.10132651]\n",
      " [0.09265612 0.10545067 0.09843088 0.10215774 0.0983162  0.0989886\n",
      "  0.09834808 0.10660831 0.09711994 0.10192345]\n",
      " [0.09224404 0.10499018 0.09849999 0.10197624 0.0980954  0.09931442\n",
      "  0.09847937 0.10713319 0.09741202 0.10185513]\n",
      " [0.09212275 0.10508003 0.09853864 0.10204237 0.09863922 0.09912786\n",
      "  0.09851019 0.10706653 0.09691144 0.10196097]\n",
      " [0.09226276 0.10471067 0.09860867 0.101886   0.09863487 0.09935612\n",
      "  0.09831515 0.10657415 0.09769473 0.10195688]\n",
      " [0.09250339 0.10528304 0.09846481 0.10202755 0.09826243 0.09894083\n",
      "  0.09859645 0.10700127 0.09730718 0.10161305]\n",
      " [0.09229165 0.10535928 0.09845575 0.10204247 0.09831483 0.09919089\n",
      "  0.09828288 0.10677743 0.09751322 0.1017716 ]\n",
      " [0.09224285 0.10499758 0.09844399 0.10188945 0.09816585 0.09950052\n",
      "  0.09832777 0.10711465 0.09735285 0.10196449]\n",
      " [0.09222469 0.10490084 0.09849263 0.1018861  0.09874457 0.0989734\n",
      "  0.09870176 0.10658004 0.09769555 0.10180042]\n",
      " [0.09230468 0.10509576 0.09863336 0.10207042 0.09853497 0.09904996\n",
      "  0.09800356 0.10687292 0.09726378 0.10217059]\n",
      " [0.09215353 0.10480473 0.09855056 0.10229665 0.09859965 0.09920329\n",
      "  0.09821433 0.10699514 0.09737763 0.10180449]\n",
      " [0.09239807 0.10560704 0.09869924 0.10168327 0.0982008  0.09907816\n",
      "  0.09824034 0.10659312 0.09728495 0.10221502]\n",
      " [0.09234278 0.10522583 0.09857066 0.10189677 0.09853971 0.09907861\n",
      "  0.0985987  0.10688398 0.09712292 0.10174004]\n",
      " [0.09234061 0.1053025  0.09855106 0.10187629 0.09847402 0.09894592\n",
      "  0.09857131 0.10667322 0.09715074 0.10211433]\n",
      " [0.09246008 0.10472848 0.09840522 0.10219806 0.09822851 0.09938594\n",
      "  0.09815858 0.10698516 0.09747313 0.10197685]\n",
      " [0.09228964 0.10495416 0.09845152 0.10232153 0.09879172 0.09907675\n",
      "  0.09842523 0.10657671 0.09754823 0.10156452]]\n"
     ]
    }
   ],
   "source": [
    "import numpy as np\n",
    "\n",
    "x = np.random.rand(100, 784)\n",
    "y = net.predict(x)\n",
    "print(y)"
   ]
  },
  {
   "cell_type": "code",
   "execution_count": 4,
   "metadata": {},
   "outputs": [
    {
     "name": "stdout",
     "output_type": "stream",
     "text": [
      "(784, 100)\n"
     ]
    }
   ],
   "source": [
    "x = np.random.rand(100, 784)\n",
    "t = np.random.rand(100, 10)\n",
    "\n",
    "grads = net.numerical_gradient(x, t)\n",
    "\n",
    "print(grads[\"W1\"].shape)"
   ]
  },
  {
   "cell_type": "code",
   "execution_count": null,
   "metadata": {},
   "outputs": [],
   "source": []
  }
 ],
 "metadata": {
  "kernelspec": {
   "display_name": ".venv",
   "language": "python",
   "name": "python3"
  },
  "language_info": {
   "codemirror_mode": {
    "name": "ipython",
    "version": 3
   },
   "file_extension": ".py",
   "mimetype": "text/x-python",
   "name": "python",
   "nbconvert_exporter": "python",
   "pygments_lexer": "ipython3",
   "version": "3.12.8"
  }
 },
 "nbformat": 4,
 "nbformat_minor": 2
}
